GBPUSD: 0.00012
GBPJPY: 0.097
EURJPY: 0.085
AUDUSD: 0.00014
AUDCAD: 0.00025
USDJPY: 0.08
Gold: 0.2
silver: 0.04
